date_id,Biomass,Dam Hydro,Geothermal,Hard Coal,Lignite,Natural Gas,Non-renewable waste,Nuclear,Oil,Other fossil fuel,Other renewables,Pumped storage generation,Run-of-River Hydro,Solar,Wind offshore,Wind onshore
2022-10-01,4639.219166666667,110.10208333333333,20.81,2378.3191666666667,11068.447083333333,5050.825,1222.9395833333333,4013.130833333333,30.78,570.6208333333334,306.7104166666667,811.1458333333334,1958.4470833333332,1231.19,5466.1125,25996.748333333333
2022-10-02,4662.527083333333,129.73666666666665,20.81,2929.4229166666664,10079.7025,4909.0625,1266.1525,3925.6,30.78,575.3983333333334,305.78291666666667,748.375,1984.2958333333333,572.6733333333333,6053.764166666667,18529.752916666668
2022-10-03,4704.8125,238.62541666666667,20.81,5990.134166666667,10930.157916666665,5754.52,1254.0591666666667,4028.599583333333,30.78,553.9995833333334,305.8495833333333,1005.40625,1594.29,392.21,2549.9720833333336,11604.225
2022-10-04,4709.356666666667,204.01958333333334,20.81,7194.660833333334,12832.577916666667,5846.948333333334,1271.4391666666668,4017.616666666667,30.78,446.6766666666667,306.3129166666667,1084.6875,1594.29,183.6725,4513.479583333333,8719.965
2022-10-05,4677.57125,188.7225,20.81,4113.7699999999995,10835.90125,6178.388333333333,1265.5129166666666,3960.262083333333,30.78,456.23583333333335,306.4791666666667,783.6458333333334,1936.2458333333334,505.59083333333336,5390.8429166666665,21499.570833333335
2022-10-06,4669.9525,189.02083333333334,20.81,5803.734583333334,11957.654583333335,6250.409166666667,1283.1000000000001,3900.2641666666664,30.78,466.5825,305.75,1204.3645833333333,2178.45125,475.23541666666665,4506.825833333333,16921.623750000002
2022-10-07,4705.994583333333,193.68375,20.81,7010.513333333333,12791.206666666667,5903.8029166666665,1293.3345833333333,4024.4870833333334,30.78,483.9679166666667,306.6775,931.0,2150.3908333333334,456.8658333333333,4723.412916666667,11917.899166666668
2022-10-08,4737.14625,182.03458333333333,20.81,4757.590833333333,13173.9275,6016.335416666666,1301.9995833333335,4030.6179166666666,30.78,480.6541666666667,306.51208333333335,945.4583333333334,2025.5883333333334,616.6795833333333,4546.076666666667,13832.96375
2022-10-09,4685.845,130.43458333333334,20.81,3267.706666666667,13100.10875,5882.810833333333,1156.8833333333334,4043.752916666667,30.78,480.35375,307.80333333333334,533.1145833333334,1879.2716666666665,451.84666666666664,2750.1341666666667,9317.08875
2022-10-10,4713.280833333333,188.75,20.81,7428.7,13698.184583333334,6959.977083333334,1209.9333333333334,4037.197083333333,30.78,486.7591666666667,307.24083333333334,1368.3645833333333,1828.6116666666667,319.23541666666665,4664.010833333333,12797.165833333333
2022-10-11,4743.595416666666,186.65458333333333,20.81,9183.008749999999,13939.070416666667,10530.246666666666,1047.6616666666666,4033.199583333333,30.78,480.92,306.61125,922.625,1841.3875,302.38625,2407.3820833333334,4509.730416666666
2022-10-12,4747.077916666666,173.23749999999998,20.81,10275.502083333333,13523.542083333334,11149.045416666668,1049.7916666666667,4032.595,30.78,482.64375,306.84375,826.28125,1907.44625,294.985,1782.2141666666666,3022.040833333333
2022-10-13,4713.787083333334,199.04375000000002,20.81,9996.195416666667,14290.087083333332,11450.334583333335,1051.0241666666668,4027.744583333333,30.78,487.02416666666664,306.64416666666665,964.2708333333334,1862.2329166666666,608.6629166666667,1661.5333333333335,5617.6154166666665
2022-10-14,4922.657083333333,183.07375,20.81,8338.414166666667,14737.012499999999,10720.449583333333,1028.2008333333333,4022.7695833333332,30.78,484.8966666666667,305.91541666666666,874.3958333333334,1972.335,513.1033333333334,1342.4591666666668,5721.170416666667
2022-10-15,4973.4,95.1025,20.81,3735.0987499999997,13207.547083333333,6704.369166666666,975.3583333333332,4003.804583333333,30.78,493.12916666666666,305.75,762.8125,1973.0754166666666,820.8449999999999,3303.2941666666666,11407.284166666666
2022-10-16,4740.136666666666,65.30291666666666,20.81,3342.409166666667,11703.719583333334,6752.293333333334,935.2358333333333,3983.474166666667,30.78,487.8208333333334,305.75,627.1979166666666,1757.0495833333334,481.3625,3773.9191666666666,11507.657916666665
2022-10-17,4598.223333333333,163.75583333333333,20.81,5624.439166666667,13419.915,9266.55125,986.5875,3961.0845833333333,30.78,493.02875,306.18041666666664,894.5416666666666,1587.17875,240.07750000000001,3961.130833333333,11785.15
2022-10-18,4715.965,155.99916666666667,20.81,8569.664583333333,12263.851666666667,11915.078333333333,1004.4141666666666,4006.345,30.78,482.61083333333335,306.7104166666667,959.7916666666666,1626.6441666666667,322.9583333333333,3720.6870833333337,5615.224583333334
2022-10-19,4803.373333333334,142.05458333333334,20.81,6331.939583333333,12346.110833333332,11702.5625,1051.6170833333333,4027.0166666666664,30.78,481.71583333333336,306.87666666666667,1298.03125,1589.8433333333332,358.76916666666665,1915.02375,7132.922500000001
2022-10-20,4806.695,148.22875,20.81,4748.3341666666665,11697.009583333333,7439.238333333334,1058.4733333333334,4011.5695833333334,30.78,498.96333333333337,310.7583333333333,1004.84375,1513.46375,384.2604166666667,4778.28875,17571.04125
2022-10-21,4931.035416666667,179.69625,20.81,5103.455,13271.010416666666,11427.621250000002,1285.2308333333333,3956.3191666666667,30.78,534.7945833333333,324.86,1400.1354166666667,1557.8062499999999,951.2987499999999,928.4583333333334,9222.400416666667
2022-10-22,4927.629583333333,102.83166666666666,20.81,2125.184583333333,11389.169166666667,9177.45875,1303.5375000000001,4001.6200000000003,30.78,521.2258333333334,321.8075,688.8645833333334,1724.8983333333333,303.03499999999997,2194.5724999999998,8703.814166666667
2022-10-23,4941.7491666666665,78.19333333333334,20.81,1726.8591666666669,10842.437083333332,7633.573333333334,1301.7758333333334,4001.6200000000003,30.78,482.445,306.4791666666667,631.5104166666666,1690.8495833333334,596.0066666666667,2845.7779166666664,11818.787916666666
2022-10-24,4937.82625,71.36291666666666,20.81,3126.0400000000004,9812.684583333334,8209.872916666667,1301.0874999999999,4001.6200000000003,30.78,491.46625,306.5783333333333,781.5208333333334,1742.865,1019.6783333333333,4988.9075,25342.395
2022-10-25,4953.527083333333,168.47541666666666,20.81,2475.1858333333334,11678.639166666668,10806.074999999999,1292.1341666666667,4001.6200000000003,30.78,549.1270833333333,333.45166666666665,958.03125,2293.5291666666667,368.4291666666666,3982.9779166666667,13093.354166666666
2022-10-26,4956.545833333334,179.49708333333334,20.81,2429.47,14385.252916666666,10582.438333333334,1271.9995833333335,4001.6200000000003,30.78,523.9129166666667,324.36083333333335,1096.875,2106.6029166666667,576.1833333333333,3162.2616666666668,8326.18875
2022-10-27,4958.425833333334,139.97208333333333,20.81,2279.9466666666667,14126.500833333334,7956.951666666667,1209.7404166666668,4001.6200000000003,30.78,500.0933333333333,307.5395833333333,831.8645833333334,2090.6916666666666,126.71916666666665,4011.5333333333333,10745.941666666668
2022-10-28,4947.32625,177.62666666666667,20.81,2041.3741666666665,13511.752916666666,7663.193749999999,1234.7270833333334,4001.6200000000003,30.78,517.3758333333334,306.90916666666664,1070.0520833333333,1989.8295833333334,549.0041666666667,2887.3025,14312.433333333334
2022-10-29,4946.993333333333,84.57916666666667,20.81,1762.03875,11923.619166666665,7768.037083333334,1207.08125,3577.102083333333,30.78,585.1566666666666,334.77875,693.4166666666666,1919.1225000000002,500.6154166666667,1391.1658333333335,5669.585416666666
2022-10-30,4956.5575,116.06208333333332,20.81,1607.2845833333333,12310.432916666667,7117.87125,1162.0445833333333,3141.435,30.78,631.5995833333333,256.715,989.4895833333334,1800.5375000000001,657.9691666666666,1299.0808333333334,5456.181666666666
2022-10-31,4971.763333333333,146.94458333333333,20.81,2284.05375,12785.954166666668,9741.394583333333,1228.2408333333333,3822.424166666666,30.78,761.0541666666667,401.72875,1085.7083333333333,1891.2483333333332,498.31166666666667,2141.4241666666667,5987.415
2022-11-01,4949.970416666666,119.28458333333333,20.81,2267.1195833333336,9956.49,6106.629166666667,1191.89625,3908.134583333333,30.78,764.2054166666667,354.55125,630.625,1779.1499999999999,700.1295833333334,5707.453750000001,19735.883333333335
2022-11-02,4992.320000000001,93.56124999999999,20.81,3008.2020833333336,10939.070416666667,7498.37625,1136.1245833333332,4006.887083333333,30.78,694.0391666666666,357.56958333333336,999.8125,1632.7616666666665,571.27625,5413.08,22886.030833333334
2022-11-03,5044.791666666667,132.54375000000002,20.81,2357.327083333333,12978.999583333332,7569.057916666668,1231.7816666666665,4007.01,30.78,795.9541666666668,367.3908333333334,1108.4791666666667,1673.5974999999999,657.3420833333333,5394.0841666666665,20183.017916666668
2022-11-04,5073.9887499999995,192.28666666666666,20.81,6228.885833333334,14304.910833333333,9249.46625,1217.5241666666668,4017.232083333334,30.78,839.5141666666667,378.53541666666666,1272.625,1882.9645833333334,1138.3370833333333,4898.580416666667,10303.939166666665
2022-11-05,5072.9141666666665,59.4725,20.81,3860.6354166666665,12788.49375,7437.787083333334,1197.31125,4022.57375,30.78,770.4095833333334,353.8870833333333,793.90625,1803.6470833333333,329.62166666666667,4073.01,11293.419166666667
2022-11-06,5071.247083333334,94.60291666666666,20.81,4492.879166666667,11399.7475,6400.344166666667,1216.8041666666666,4013.182083333333,30.78,585.9520833333333,326.0516666666667,570.0104166666666,1630.2379166666667,411.9991666666667,4582.181666666666,21185.184166666666
2022-11-07,5039.644583333334,62.86541666666667,20.81,4555.577083333334,11188.734583333333,7438.975416666667,1231.6354166666667,3981.7370833333334,30.78,764.6025,362.7108333333333,900.3958333333334,1605.8708333333334,596.8341666666666,4743.575416666667,24127.678333333333
2022-11-08,5075.739583333333,119.34083333333332,20.81,4611.560416666666,10694.362916666667,7639.66,1121.3883333333333,3989.730833333333,30.78,812.0441666666667,390.0495833333334,803.7916666666666,1560.4579166666665,461.3045833333333,4903.80375,22268.132916666666
2022-11-09,5046.598333333333,158.47958333333335,20.81,4776.6795833333335,12187.395833333334,7425.912499999999,1120.09125,3970.1612499999997,30.78,787.12875,377.37625,1041.84375,1614.1258333333333,666.0749999999999,5181.204583333333,22711.700833333332
2022-11-10,5029.64,146.94541666666666,20.81,5372.3845833333335,12807.825833333334,7310.152083333333,1139.6645833333334,3970.807083333333,30.78,809.1916666666666,371.105,1129.78125,1749.8491666666666,389.95125,5970.840833333333,19063.624583333334
2022-11-11,5089.630833333334,179.56791666666666,20.81,5627.301666666666,13985.900416666665,7270.3525,1091.8320833333335,3993.4091666666664,30.78,775.1095833333334,374.09291666666667,1201.3470833333333,1666.71125,589.9133333333333,6011.077499999999,14742.988749999999
2022-11-12,5099.984166666666,187.8083333333333,20.81,6821.01875,15587.688333333334,6429.902916666667,1047.5483333333334,3999.4541666666664,30.78,786.0687499999999,405.27875,1347.6041666666667,1628.3566666666666,274.02125,1277.1291666666666,3809.5829166666667
2022-11-13,5085.218333333333,160.70416666666668,20.81,6669.342916666667,14848.324999999999,6321.964166666668,1094.9925,3987.1908333333336,30.78,614.5804166666666,401.3,760.375,1544.8741666666665,347.91249999999997,2000.9070833333335,10028.5775
2022-11-14,5022.6025,170.67125,20.81,8196.498333333333,15958.793749999999,9062.216666666667,1157.48,3979.7070833333332,30.78,674.9625,382.55125,1186.3854166666667,1499.13375,269.68333333333334,4290.1762499999995,14709.85125
2022-11-15,5029.877083333334,161.47416666666666,20.81,9960.441666666668,15941.286666666667,7671.355416666666,1157.48,3956.265,30.78,649.68375,349.0433333333333,777.6875,1643.8404166666667,303.24708333333336,4076.2529166666664,11888.383333333333
2022-11-16,4949.755416666667,184.35833333333335,20.81,7828.372916666667,15014.737083333333,8692.22375,1157.48,3948.3754166666663,30.78,578.8533333333334,368.71791666666667,1337.75,1632.71875,1277.54375,4820.109583333334,18445.278333333332
2022-11-17,4892.157916666666,174.3925,20.81,7861.270416666666,11535.437083333332,7828.318749999999,1133.6279166666666,3937.0716666666667,30.78,589.5691666666667,368.2525,932.1041666666666,1561.7866666666666,1341.00375,3148.46875,28327.656666666666
2022-11-18,4892.607916666667,139.33124999999998,20.81,10399.63875,15335.110416666668,8662.93125,1152.4141666666667,3940.660416666666,30.78,733.2520833333333,401.7275,1224.0729166666667,1591.1429166666667,1244.3933333333332,5028.885,13396.074583333333
2022-11-19,4902.054166666667,112.8975,20.81,11006.525,15009.46,7192.5925,1098.7579166666667,3952.83,30.78,756.8070833333333,409.9216666666667,757.84375,1732.4975000000002,799.0770833333332,2547.8562500000003,5712.960416666666
2022-11-20,4933.776666666667,82.49916666666667,20.81,10414.449999999999,14927.661666666667,6502.5704166666665,1139.6008333333332,3936.0733333333333,30.78,680.9654166666667,410.3858333333333,450.65625,1558.1341666666667,984.0904166666666,864.4225,6331.660833333332
2022-11-21,4901.796666666666,116.87416666666667,20.81,9735.242916666666,15404.812083333332,10060.88625,1159.9270833333333,3924.5795833333336,30.78,951.515,436.2633333333333,1413.3333333333333,1550.0791666666667,587.6766666666666,2274.31875,9291.597916666668
2022-11-22,4924.555416666667,119.95541666666666,20.81,8862.491666666667,14838.242916666668,8902.06,1186.3070833333334,3902.168333333333,30.78,942.98875,443.65916666666664,1322.125,1708.9858333333334,1365.8129166666668,6127.780833333333,15161.109166666667
2022-11-23,5020.78625,65.9875,20.81,9683.427083333334,15149.136666666667,8700.40125,1282.0270833333334,3890.8125,30.78,875.5433333333334,426.83874999999995,900.3958333333334,1775.6429166666667,421.08874999999995,4988.474583333334,14419.485833333332
2022-11-24,4979.864583333333,128.88041666666666,20.81,9986.45375,15381.811666666666,9480.026666666667,1271.2791666666667,3874.054583333333,30.78,904.2716666666666,434.03875,1245.7708333333333,1800.037916666667,1033.8329166666667,3943.400833333333,10879.422083333333
2022-11-25,4997.306666666666,87.74624999999999,20.81,12589.980833333333,13567.025,10049.259583333334,1315.98375,3873.7845833333336,30.78,876.1725,420.86833333333334,1129.4479166666667,1776.7124999999999,471.30041666666665,3494.54875,9673.28125
2022-11-26,4979.789583333333,83.51041666666667,20.81,13022.294166666667,14081.376666666665,7535.375,1301.3429166666667,3864.2791666666667,30.78,707.775,355.4470833333333,878.4479166666666,1650.8554166666665,1021.2325000000001,2364.09625,6300.9325
2022-11-27,4985.710416666667,96.02916666666665,20.81,8445.249166666666,13018.925000000001,7504.229166666667,1248.6475,3859.0025,30.78,622.01625,352.8933333333334,850.0104166666666,1506.2054166666667,528.4208333333333,4746.1987500000005,13113.033333333333
2022-11-28,4972.504166666667,161.03208333333333,20.81,12049.267083333332,14558.0025,12305.125833333334,1193.4829166666666,3728.034166666667,30.78,831.2533333333334,406.43833333333333,1168.6041666666667,1490.2508333333333,965.1516666666666,3353.39,11895.080833333333
2022-11-29,4977.1375,147.48708333333335,20.81,14015.510416666666,15440.741666666667,15435.908333333333,1137.1054166666665,3840.0262500000003,30.78,1101.9354166666667,514.9891666666666,1026.9791666666667,1686.3291666666667,654.2016666666667,1112.2491666666667,3042.4908333333333
2022-11-30,4984.755,197.04833333333332,20.81,14483.5075,15887.557916666667,16230.906666666668,1107.2454166666666,3831.4925,30.78,1064.9433333333334,500.55625000000003,1635.59375,1768.1154166666665,778.7062500000001,1183.3904166666666,2618.5925
2022-12-01,4896.40125,154.8725,20.81,14353.110416666668,16071.965833333334,16249.792500000001,1241.9025,3742.43125,30.78,1103.3933333333332,510.3441666666667,1399.0104166666667,1642.1283333333333,717.3708333333334,1512.0679166666666,2828.0750000000003
2022-12-02,4963.94,126.88375,20.81,13726.90875,15015.710833333333,14423.242083333333,1216.0029166666666,3760.26125,30.78,1147.2879166666667,530.7458333333333,689.625,1562.8970833333333,360.68208333333337,4610.450416666667,8396.271666666666
2022-12-03,4998.552083333333,51.77125,20.81,12337.103333333333,13402.585833333333,13023.432916666667,1209.6120833333332,3621.75625,30.78,1077.95,521.9891666666667,1113.0729166666667,1452.8525,351.4575,5407.74125,6376.380833333334
2022-12-04,4977.32875,75.25583333333334,20.81,11292.250416666668,13203.112916666667,12620.154999999999,1166.4775,3595.48375,30.78,1075.595,526.8983333333333,639.8333333333334,1293.7745833333333,487.4670833333334,5019.050416666666,7798.982916666667
2022-12-05,4932.292083333333,159.37875,20.81,12508.472499999998,16029.523333333333,14778.432083333333,1218.3254166666668,3741.4620833333333,30.78,1106.9779166666667,494.4179166666667,1288.3645833333333,1373.9333333333334,392.74625,4717.59125,5227.8966666666665
2022-12-06,4905.169166666667,138.13333333333333,20.81,13586.064166666665,15857.770416666666,16042.846666666666,1088.1525,3733.6145833333335,30.78,1152.0966666666666,515.5854166666667,1336.8229166666667,1536.2629166666666,640.4491666666667,2279.6354166666665,4484.3341666666665
2022-12-07,4891.876666666666,104.98291666666667,20.81,12719.495416666667,15159.055833333334,15077.9925,1201.1079166666666,3593.111666666666,30.78,1149.4095833333333,524.1808333333333,1166.2291666666667,1460.4520833333333,1283.9945833333334,3855.244166666667,12433.533333333333
2022-12-08,4841.37125,118.95666666666666,20.81,14186.335,15738.344166666668,15758.000416666668,1212.8008333333335,3702.7408333333333,30.78,1165.6654166666665,520.96,890.3541666666666,1374.6591666666666,1173.7891666666667,1175.45375,6341.854166666667
2022-12-09,4983.540416666667,122.40666666666668,20.81,13062.958333333334,15251.034166666666,16601.435833333333,1183.50375,3649.0495833333334,30.78,1191.1770833333333,529.9879166666666,1324.09375,1525.212083333333,927.0812500000001,2271.4020833333334,2416.90375
2022-12-10,5088.335,49.39083333333334,20.81,13194.129166666666,14207.5,14738.462916666665,1201.17125,3735.5812499999997,30.78,1191.94125,530.1529166666667,829.9479166666666,1428.3279166666669,639.745,1886.1120833333334,1531.2108333333333
2022-12-11,5073.031666666667,56.3775,20.81,12982.214583333334,14653.64875,14135.690833333334,1194.3154166666666,3748.040833333334,30.78,1191.57375,527.7616666666667,958.21875,1316.4304166666668,514.1770833333334,2115.3883333333333,1486.9279166666668
2022-12-12,5012.479166666667,167.705,20.81,13815.808749999998,16115.18625,17204.075833333332,1207.7695833333335,3737.257916666667,30.78,1178.90375,525.1079166666667,1267.2083333333333,1350.1504166666666,1122.1129166666667,1679.2116666666668,3142.1979166666665
2022-12-13,5010.545,164.42583333333334,20.81,13719.04125,16198.889583333332,18353.571666666667,1164.7625,3726.825833333334,30.78,1204.5145833333333,525.0079166666667,1193.9375,1455.9029166666667,827.6533333333333,3114.4925,6540.307083333333
2022-12-14,5047.124583333333,185.7408333333333,20.81,13305.47,16371.441666666666,17926.279583333333,1138.2395833333333,3714.940416666667,30.78,1096.1295833333334,454.90833333333336,1331.6875,1537.5037499999999,694.2937499999999,2965.23625,6296.83125
2022-12-15,5054.098333333333,152.17708333333334,20.81,11956.5775,15498.587083333334,17976.05875,1158.3891666666666,3703.290833333333,30.78,984.4583333333334,405.57625,1375.2395833333333,1565.6916666666666,926.2104166666667,3397.799166666667,6807.427083333333
2022-12-16,5079.276666666667,118.65750000000001,20.81,12230.06,15684.518333333333,17843.155833333334,1144.9020833333334,3693.8508333333334,30.78,1020.5208333333334,409.9879166666667,1035.3541666666667,1639.5345833333333,732.71,1277.7083333333333,2963.161666666667
2022-12-17,5091.268333333333,141.86916666666667,20.81,10973.300416666667,15169.542500000001,13889.71375,1150.6520833333334,3686.4795833333333,30.78,1007.3495833333333,412.54125,1079.5729166666667,1492.8445833333333,688.8829166666668,4806.95875,3422.4329166666666
2022-12-18,5089.442083333333,94.77416666666666,20.81,9188.009166666667,13027.91125,9839.222916666668,1149.6583333333333,3667.9300000000003,30.78,865.5575,413.36833333333334,725.71875,1350.3354166666666,753.3604166666668,4831.595833333334,13778.362500000001
2022-12-19,4991.298333333333,109.64666666666666,20.81,7128.718333333333,11944.73625,11957.290833333333,1171.89125,3652.277083333333,30.78,824.0554166666667,401.69083333333333,1140.7083333333333,1337.0191666666667,290.9816666666667,5649.766250000001,24572.591666666664
2022-12-20,5040.869166666666,90.06875000000001,20.81,7250.207083333334,11427.418749999999,11470.599166666667,1131.0475,3634.99625,30.78,733.1516666666666,360.02458333333334,914.84375,1384.4979166666665,528.0975,4638.162083333334,24061.475416666668
2022-12-21,5047.982916666667,61.695,20.81,8294.792916666667,13170.2725,9888.550833333333,1123.9683333333332,3620.6437499999997,30.78,876.9358333333333,384.14375,893.0833333333334,1438.59375,629.5033333333333,4031.4533333333334,15272.949999999999
2022-12-22,5047.789583333333,82.96833333333333,20.81,6848.320833333334,13322.49375,8080.880416666667,1205.8,3599.5320833333335,30.78,1035.5829166666665,466.45166666666665,910.7604166666666,1505.8354166666668,846.8841666666667,4049.162083333333,17327.023333333334
2022-12-23,5103.8741666666665,61.53958333333333,20.81,6623.399166666667,13265.36,9047.747916666667,1223.32375,3578.5070833333334,30.78,1088.265,480.45416666666665,1293.4895833333333,1897.7075000000002,550.68125,1579.1575,12157.5675
2022-12-24,5088.21625,60.711666666666666,20.81,2932.73625,12290.826666666668,6709.025416666667,1241.6475,3570.2629166666666,30.78,892.1316666666667,427.50458333333336,828.0,2272.1266666666666,958.1408333333333,2135.6758333333332,15636.195416666667
2022-12-25,5084.1762499999995,64.60458333333334,20.81,2371.3158333333336,9691.2575,6247.77625,1254.7816666666668,3566.412083333333,30.78,690.5870833333333,351.795,948.1145833333334,2050.297916666667,660.4616666666667,3281.5833333333335,12626.79125
2022-12-26,5020.6570833333335,64.40458333333333,20.81,3484.6025000000004,11722.519999999999,5955.7275,1233.7508333333333,3546.55125,30.78,684.8825,348.1125,847.78125,1876.0916666666665,705.75375,5013.47125,25154.959583333333
2022-12-27,4999.4875,103.24416666666667,20.81,4040.8445833333335,10911.680833333334,6282.495416666668,1221.77,3555.7937500000003,30.78,692.4775,350.00375,826.0625,1956.5366666666666,509.1791666666666,5779.227916666667,23524.701666666664
2022-12-28,5016.00375,99.43666666666667,20.81,2718.688333333333,11722.519999999999,6142.151666666668,1175.5625,3529.7604166666665,30.78,691.14875,349.37583333333333,1031.7604166666667,1899.21875,1096.3875,5934.1475,29440.235416666666
2022-12-29,4959.6954166666665,87.18958333333335,20.81,3549.4045833333334,11722.519999999999,5998.881666666667,1141.49,3499.5441666666666,30.78,665.9720833333333,346.81916666666666,938.3854166666666,1762.8950000000002,1116.1208333333334,4538.087083333333,31123.853333333333
2022-12-30,4948.410416666667,58.430416666666666,20.81,3230.424166666667,11722.519999999999,5878.22625,1133.91375,3471.615416666667,30.78,667.5666666666667,347.18333333333334,1245.1875,1755.9525,440.95625,5082.98125,22953.68375
2022-12-31,4920.27,31.48,20.81,2465.24,11722.52,5792.56,1154.4,3414.04,30.78,672.01,347.15,1.0,1677.45,0.0,4006.41,28356.15
